function [Ineq, eq] = circlec(x)
    Ineq(1) = (2.545724188 - x(1))^2 + (9.983058643 - x(2))^2 - x(3)^2;
    Ineq(2) = (8.589400372 - x(1))^2 + (6.208600402 - x(2))^2 - x(3)^2;
    Ineq(3) = (5.953378204 - x(1))^2 + (9.920197351 - x(2))^2 - x(3)^2;
    Ineq(4) = (3.710241136 - x(1))^2 + (7.860254203 - x(2))^2 - x(3)^2;
    Ineq(5) = (3.629909053 - x(1))^2 + (2.176232347 - x(2))^2 - x(3)^2;
    Ineq(6) = (3.016475803 - x(1))^2 + (6.757468831 - x(2))^2 - x(3)^2;
    Ineq(7) = (4.148474536 - x(1))^2 + (2.435660776 - x(2))^2 - x(3)^2;
    Ineq(8) = (8.706433123 - x(1))^2 + (3.250724797 - x(2))^2 - x(3)^2;
    Ineq(9) = (1.604023507 - x(1))^2 + (7.020357481 - x(2))^2 - x(3)^2;
    Ineq(10) = (5.501896021 - x(1))^2 + (4.918207429 - x(2))^2 - x(3)^2;
    eq = [];
end