function y = G04(x)
% ------------------------------------------------------------------------------
% MATLAB coding by: Linas Stripinis
% Name:
%   G04.m
%
% Original source: 
% - Suganthan, P. N., Hansen, N., Liang, J. J., Deb, K., Chen, Y.-P., 
%   Auger, A., & Tiwari, S. (2005). Problem Definitions and Evaluation 
%   Criteria for the CEC 2006 Special Session on Constrained Real-Parameter
%   Optimization. KanGAL, (May), 251–256. https://doi.org/c
%
% Globally optimal solution:
%   f* = -30665.53867178332
%   x* = (78, 33, 29.9952560256815985, 45, 36.7758129057882073) 
%
% Constraints (including variable bounds):
%   g(1): 85.334407+0.0056858*x(2)*x(5)+0.0006262*x(1)*x(4)-0.0022053*x(3)*x(5)  <= 92;
%   g(2): -85.334407-0.0056858*x(2)*x(5)-0.0006262*x(1)*x(4)+0.0022053*x(3)*x(5) <= 0;
%   g(3): 80.51249+0.0071317*x(2)*x(5)+0.0029955*x(1)*x(2)+0.0021813*x(3)^2      <= 110;
%   g(4): -80.51249-0.0071317*x(2)*x(5)-0.0029955*x(1)*x(2)-0.0021813*x(3)^2	 <= -90;
%   g(5): 9.300961+0.0047026*x(3)*x(5)+0.0012547*x(1)*x(3)+0.0019085*x(3)*x(4)   <= 25;
%   g(6): -9.300961-0.0047026*x(3)*x(5)-0.0012547*x(1)*x(3)-0.0019085*x(3)*x(4)  <= -20;
%         78 <= x(1) <= 102;
%         33 <= x(2) <= 45;
%         27 <= x(3) <= 45;
%         27 <= x(4) <= 45;
%         27 <= x(5) <= 45;
%   
% Problem Properties:
%   n  = 5;
%   #g = 6;
%   #h = 0;  
% ------------------------------------------------------------------------------ 
y = 5.3578547*x(3)^2+0.8356891*x(1)*x(5)+37.293239*x(1)-40792.141;  
end