function [c, ceq] = G10c( x )
c(1) = -1 + 0.0025*(x(4) + x(6)); 
c(2) = -1 + 0.0025*(x(5) + x(7)-x(4));  
c(3) = -1 + 0.01*(x(8) - x(5)); 
c(4) = -x(1)*x(6) + 833.33252*x(4) + 100*x(1) - 83333.333;  
c(5) = -x(2)*x(7) + 1250*x(5) + x(2)*x(4) - 1250*x(4);
c(6) = -x(3)*x(8) + 1250000 + x(3)*x(5) - 2500*x(5); 
ceq=[];
end

