function [c, ceq] = G19c( x )
b1=-40; b2=-2; b3=-0.25; b4=-4; b5=-4; b6=-1; b7=-40; b8=-60; b9=5; b10=1;
e1=-15; e2=-27; e3=-36; e4=-18; e5=-12;
c11=30; c12=-20; c13=-10; c14=32; c15=-10;
c21=-20; c22=39; c23=-6; c24=-31; c25=32;
c31=-10; c32=-6; c33=10; c34=-6; c35=-10;
c41=32; c42=-31; c43=-6; c44=39; c45=-20;
c51=-10; c52=32; c53=-10; c54=-20; c55=30;
d1=4; d2=8; d3=10; d4=6; d5=2;
a11=-16; a12=2; a13=0; a14=1; a15=0;
a21=0; a22=-2; a23=0; a24=0.4; a25=2;
a31=-3.5; a32=0; a33=2; a34=0; a35=0;
a41=0; a42=-2; a43=0; a44=-4; a45=-1;
a51=0; a52=-9; a53=-2; a54=1; a55=-2.8;
a61=2; a62=0; a63=-4; a64=0; a65=0;
a71=-1; a72=-1; a73=-1; a74=-1; a75=-1;
a81=-1; a82=-2; a83=-3; a84=-2; a85=-1;
a91=1; a92=2; a93=3; a94=4; a95=5;
a101=1; a102=1; a103=1; a104=1; a105=1;

c(1)= -2*((c11*x(11))+(c21*x(12))+(c31*x(13))+(c41*x(14))+(c51*x(15))) - 3*d1*x(11)^2 - e1 + ((a11*x(1))+(a21*x(2))+(a31*x(3))+(a41*x(4))+(a51*x(5))+(a61*x(6))+(a71*x(7))+(a81*x(8))+(a91*x(9))+(a101*x(10))); 
c(2)= -2*((c12*x(11))+(c22*x(12))+(c32*x(13))+(c42*x(14))+(c52*x(15))) - 3*d2*x(12)^2 - e2 + ((a12*x(1))+(a22*x(2))+(a32*x(3))+(a42*x(4))+(a52*x(5))+(a62*x(6))+(a72*x(7))+(a82*x(8))+(a92*x(9))+(a102*x(10))); 
c(3)= -2*((c13*x(11))+(c23*x(12))+(c33*x(13))+(c43*x(14))+(c53*x(15))) - 3*d3*x(13)^2 - e3 + ((a13*x(1))+(a23*x(2))+(a33*x(3))+(a43*x(4))+(a53*x(5))+(a63*x(6))+(a73*x(7))+(a83*x(8))+(a93*x(9))+(a103*x(10))); 
c(4)= -2*((c14*x(11))+(c24*x(12))+(c34*x(13))+(c44*x(14))+(c54*x(15))) - 3*d4*x(14)^2 - e4 + ((a14*x(1))+(a24*x(2))+(a34*x(3))+(a44*x(4))+(a54*x(5))+(a64*x(6))+(a74*x(7))+(a84*x(8))+(a94*x(9))+(a104*x(10))); 
c(5)= -2*((c15*x(11))+(c25*x(12))+(c35*x(13))+(c45*x(14))+(c55*x(15))) - 3*d5*x(15)^2 - e5 + ((a15*x(1))+(a25*x(2))+(a35*x(3))+(a45*x(4))+(a55*x(5))+(a65*x(6))+(a75*x(7))+(a85*x(8))+(a95*x(9))+(a105*x(10))); 
ceq=[];
end

