function y = Himmelblaus(x)
% ------------------------------------------------------------------------------
% MATLAB coding by: Linas Stripinis
% Name:
%   Himmelblaus.m
%
% Original source: 
% - Hu, X., Eberhart, R. C., & Shi, Y. (2003). Engineering
%   optimization with particle swarm. Swarm Intelligence Symposium, 
%   2003. SIS ’03. Proceedings of the 2003 IEEE, 53–57. 
%   https://doi.org/10.1109/SIS.2003.1202247
%
% Globally optimal solution:
%   f* = -31025.5602424979
%   x* = (3.500000, 0.7, 17, 7.300000, 7.800000, 3.350214, 5.286683) 
%
% Constraints (including variable bounds):
%   g(1): 85.334407+0.0056858*x(2)*x(5)+0.0006262*x(1)*x(4)-0.0022053*x(3)*x(5)  <= 92;
%   g(2): -85.334407-0.0056858*x(2)*x(5)-0.0006262*x(1)*x(4)+0.0022053*x(3)*x(5) <= 0;
%   g(3): 80.51249+0.0071317*x(2)*x(5)+0.0029955*x(1)*x(2)+0.0021813*x(3)^2      <= 110;
%   g(4): -80.51249-0.0071317*x(2)*x(5)-0.0029955*x(1)*x(2)-0.0021813*x(3)^2	 <= -90;
%   g(5): 9.300961+0.0047026*x(3)*x(5)+0.0012547*x(1)*x(3)+0.0019085*x(3)*x(4)   <= 25;
%   g(6): -9.300961-0.0047026*x(3)*x(5)-0.0012547*x(1)*x(3)-0.0019085*x(3)*x(4)  <= -20;
%         78 <= x(1) <= 102;
%         33 <= x(2) <= 45;
%         27 <= x(3) <= 45;
%         27 <= x(4) <= 45;
%         27 <= x(5) <= 45;
%   
% Problem Properties:
%   n  = 5;
%   #g = 6;
%   #h = 0;  
% ------------------------------------------------------------------------------ 
y = 5.3578547*x(3)^2+0.8356891*x(1)*x(5)+37.293239*x(1)-40792.141;
end