function [c, ceq] = Himmelblausc( x )
c(1) = 85.334407+0.0056858*x(2)*x(5)+0.00026*x(1)*x(4)-0.0022053*x(3)*x(5)-92;  
c(2) = -85.334407-0.0056858*x(2)*x(5)-0.00026*x(1)*x(4)+0.0022053*x(3)*x(5); 
c(3) = 80.51249+0.0071317*x(2)*x(5)+0.0029955*x(1)*x(2)+0.0021813*x(3)^2-110;
c(4) = -80.51249-0.0071317*x(2)*x(5)-0.0029955*x(1)*x(2)-0.0021813*x(3)^2+90; 
c(5) = 9.300961+0.0047026*x(3)*x(5)+0.0012547*x(1)*x(3)+0.0019085*x(3)*x(4)-25;  
c(6) = -9.300961-0.0047026*x(3)*x(5)-0.0012547*x(1)*x(3)-0.0019085*x(3)*x(4)+20;  
ceq = [];
end

