function [c,ceq] = Horst6c( x )
c(1) = 0.488509*x(1)+0.063565*x(2)+0.945686*x(3)-2.865062;
c(2) = -0.578592*x(1)-0.324014*x(2)-0.501754*x(3)+1.491608;
c(3) = -0.719203*x(1)+0.099562*x(2)+0.445225*x(3)-0.519588;
c(4) = -0.346896*x(1)+0.637939*x(2)-0.257623*x(3)-1.584087; 
c(5) = -0.202821*x(1)+0.647361*x(2)+0.920135*x(3)-2.198036;
c(6) = -0.983091*x(1)-0.886420*x(2)-0.802444*x(3)+1.301853;
c(7) = -0.305441*x(1)-0.180123*x(2)-0.515399*x(3)+0.738290;
ceq = [];
end

